2000,5
1,16,16
2,20,20
3,21,32
4,28,28
5,19,19
6,34,67,1
7,22,33,5
8,36,54
9,40,94
10,35,70,4
11,46,58
12,23,42,1
13,35,118,8
14,16,43,3
15,36,109,10
16,12,64,1,12
17,22,131
18,14,100,1,6,16
19,27,144,5
20,25,118,13
21,18,148,16
22,38,147,9
23,40,169
24,27,114,11
25,12,115,2,20
26,25,153,12,16,18
27,41,150,20
28,32,200,3,14,17,22
29,27,137,4,23
30,43,217,5,19,24
31,19,152
32,12,181,26,31
33,15,190
34,49,239
35,19,219,14
36,43,197
37,26,213,29,33
38,47,196,7,24
39,32,238,17,22,28,35
40,33,212,15,23
41,46,242,21,31,32
42,37,243,13
43,36,280,28,35
44,27,251,11,38
45,42,298,23
46,38,296,20,25,42
47,17,299,28,35
48,35,275,19,30
49,36,292,26,31
50,43,317,35,39
51,16,267,29,40,45
52,11,287,27,42
53,27,289,24,44
54,12,293,31,32,36,49
55,37,352,37
56,34,364,27
57,38,362,32,36,41,54
58,12,333,39,43,47
59,32,365,38
60,43,379,43,58
61,29,333,37,45,51,55
62,10,341,46,56
63,48,365,36,41,57
64,28,369,42,52,56,62
65,16,342,38,44,48,53
66,13,349
67,37,410,53
68,36,388,43,58
69,45,390,46,56,62
70,34,441,45,61
71,30,410,49,63
72,15,417,59,65
73,17,426,47,50,68
74,44,472,66
75,15,413,59
76,18,405,52,62,64
77,39,446,58,60,68,73
78,27,453,54,57
79,49,493,59,72
80,49,473,69,76
81,34,487,57,63,78
82,11,449
83,35,471,58
84,36,533,82
85,31,505,67,75,79
86,13,502,81
87,23,521,69,80
88,43,573,60,77
89,42,522,63,71
90,12,510,70,82,84
91,25,547,64,76,87
92,24,564,74,82,84,90
93,16,563,72,75,79,85
94,33,551,75,93
95,47,612,69,87,91
96,11,535
97,40,608
98,43,579,71
99,26,571,96
100,40,576,75,93
101,43,585,96,99
102,50,649,97
103,31,593,76,80,87,91
104,45,652
105,30,655,85,93,100
106,32,673,80
107,16,600,92,96,101
108,35,689,81,89
109,10,611,77,83
110,33,702,92,96,107
111,12,667,85,105
112,21,657,83,88,97,102,109
113,18,678
114,17,635,94,100,111
115,31,723,88,97,102,112
116,34,712,94,100,105,111
117,25,669,91,103,106,113
118,17,648
119,37,738,96,101,107
120,36,683
121,16,706,103,113,117
122,25,724
123,46,752,100,111,116
124,37,732,107,119
125,20,735,117
126,33,752
127,12,707,109
128,26,727,113
129,41,802,122,127
130,30,773,101,119,124
131,10,751,111,116
132,38,809,104,108,120,126
133,28,808
134,15,780,131
135,13,783,116,123
136,43,785,112
137,30,828
138,32,846
139,10,808,116,123,131
140,18,836,132
141,45,808,134
142,41,862,119
143,27,805,118,120,126,132,140
144,48,827,128,133,138
145,18,817,115,122,129
146,26,884,122,136,145
147,31,892,132
148,16,844,131,139
149,28,897,130,137
150,14,883,141
151,43,884,127
152,19,855,125
153,14,908,143
154,19,869,135
155,22,867,142
156,25,886,128
157,15,879,153
158,40,941,141,150
159,12,882,142,149,155
160,29,940
161,46,976,145,146
162,39,946,144
163,28,945,137,159
164,36,965,147,160
165,19,944,150,154,158
166,36,933,142,149,159,163
167,25,955,156,162
168,48,1018,150,158,165
169,15,937,146
170,13,956,147,157,164
171,35,973,146
172,34,1002,144,156
173,48,1050,159,163
174,10,980,160,164
175,13,1004,160
176,42,1006,150
177,15,1038,164,174
178,33,1059,146,161,169,171
179,29,1015,156,162
180,50,1042,170,175
181,23,1049,163
182,40,1087,156,167,179
183,15,1043,151,171,178
184,24,1089,158,168
185,40,1086,173,181
186,42,1079,169,178
187,15,1105,165,176,184
188,12,1095,174,175
189,44,1092,162,167,179
190,32,1114,174
191,25,1118,168,184,187
192,13,1115,163,166
193,12,1092,169,171,186
194,17,1140,185
195,42,1155,168,184,187
196,10,1074,183,186,193
197,11,1082,175,180,188
198,26,1113
199,24,1140,185,194
200,49,1156,179,182
201,50,1150,180,190,197
202,39,1147,199
203,33,1151,196
204,19,1178,184,187
205,16,1209,187,204
206,35,1191,172,200
207,38,1200,188,201
208,31,1234,186,198,203
209,17,1200,194
210,14,1162
211,10,1178,192,194,199,209
212,33,1211,204
213,13,1198,179,200
214,28,1227,198,208
215,12,1232,202
216,34,1236,190
217,46,1223,189
218,24,1241,199,202,209
219,19,1237
220,13,1218,198,203
221,24,1266,202,211,215
222,12,1236,201
223,17,1260,203,208
224,50,1313,205,210
225,38,1258,197,201,222
226,41,1333,217
227,35,1324,220
228,27,1275,211,221
229,48,1328
230,22,1303,207
231,22,1302,212,224
232,44,1309,208,220,227
233,16,1313,213,226
234,42,1365,207,225
235,10,1294,210,219,224,231
236,21,1365
237,47,1341,212,224
238,44,1387,215,218,221,228,229
239,30,1361,213,233,236
240,29,1359,220,227,232
241,23,1397,216,222,234
242,22,1357,226,236
243,19,1354,232
244,30,1413,224,231,237
245,11,1394,222,225
246,11,1379,218
247,36,1427,232
248,46,1398,230
249,11,1425,226,233,239
250,42,1405,221
251,39,1452,236
252,50,1471,224,235,237
253,42,1437,227
254,31,1467
255,26,1441,229,238,246,250
256,15,1481,236,249
257,32,1490,244
258,47,1481,239,249
259,26,1474,229,238,246
260,37,1465,234,241,254
261,43,1514,232
262,31,1524,252
263,33,1499,246,259
264,28,1537,245,254
265,22,1521,242,251
266,18,1527,253,261
267,31,1554,257
268,36,1545,255,263
269,46,1569
270,20,1543,247,261
271,28,1529,245,260
272,35,1562
273,25,1580,252,257
274,31,1611,250,263
275,11,1534,254,264,271
276,31,1566,260,271,275
277,44,1614,251,258
278,32,1605,267,273
279,46,1625,261
280,30,1590,263
281,25,1622,260
282,14,1586,267,273,278
283,50,1656,277
284,50,1658
285,43,1659,282
286,46,1690,264,271,275,276,281
287,45,1652,279
288,18,1666,273
289,32,1668,258,265,269
290,46,1704,263
291,23,1694,275,276,286
292,30,1719,266
293,45,1727,285,288
294,30,1753,275,276,281
295,37,1703,289
296,29,1752,270,287,292
297,11,1730,274,280,290
298,13,1700,290,297
299,25,1714,286,291,294
300,44,1777,293
301,36,1744,279
302,35,1791,269,277,283,289,295
303,40,1772,284,290,297,298
304,44,1763,281
305,16,1754,287,301
306,24,1821,289
307,28,1783,282,285,293,300
308,39,1793,298
309,15,1766
310,42,1842,289,302
311,42,1859,299,304
312,46,1808,307
313,12,1810,309
314,36,1858,296,301
315,38,1834,298
316,34,1898,295,302,310
317,15,1825,291,311
318,25,1894,288,293,307,312
319,33,1846,309
320,11,1867
321,34,1894,303,308
322,19,1844,299,304,311
323,17,1882,293
324,22,1897,295,302,316
325,31,1880,305,309,313,314,319
326,50,1959,317,320
327,39,1936,323
328,14,1923,298,321
329,37,1914,306,316
330,32,1965,303,308
331,11,1920,309,319,325
332,35,1919,313,314,325
333,39,1941,307,327
334,28,1971,316,324,329
335,36,1932,317
336,46,1997
337,22,1970,310,316,329
338,35,1989,314
339,48,1982,323,327,333
340,46,1996,317,320,322,335
341,47,2048,316,324,334,337
342,11,1982,315
343,29,2025
344,20,2041,331
345,11,1987,318,327,339
346,40,2029,325,338
347,16,2041,326,340
348,11,2038,343
349,42,2092,333,339
350,43,2075,329,334,337
351,43,2070,326
352,11,2035,330,342
353,15,2034,336,342,352
354,15,2082,331,346
355,26,2056,342,353
356,23,2116,327,345,349
357,26,2099,344,346,354
358,23,2104,341,350
359,14,2102,326,335,340,347,351
360,24,2087,343
361,10,2120,340,347
362,34,2144,333,339,356
363,10,2124,337
364,27,2140,354,357
365,22,2084,351
366,43,2148,350
367,46,2139,360
368,16,2113,359,365
369,11,2154,354,357,364
370,15,2158,345,356
371,26,2120,346,369
372,31,2168,365
373,27,2186,345,356
374,11,2132,341
375,17,2139,353,360,367
376,14,2141,350,358,374
377,11,2144,354,357,364,371
378,10,2154,349,356,370
379,23,2217,361,372
380,22,2205,357,364,377
381,12,2169
382,28,2193,375
383,17,2152,356
384,41,2234,363,366
385,34,2206,368
386,30,2207,369,371,380
387,37,2239,362,370,373
388,32,2201,360,367,382
389,17,2209,380
390,38,2267,379
391,14,2247,374,376,384
392,18,2212,378,383
393,42,2255,367
394,31,2286,376,381
395,42,2286,380,389
396,26,2252,383,387,392
397,19,2256,385
398,41,2335
399,21,2323,378,383,387,396
400,34,2270,367,388
401,41,2298,372,390
402,19,2311,386,395
403,30,2298,387
404,32,2300,380
405,30,2342,375,393
406,45,2370,384,394
407,17,2327,401
408,41,2336,392,399,403
409,16,2356,386,389
410,48,2376,393,400
411,19,2350,397,407
412,26,2384,404,409
413,29,2400,391,398
414,12,2364,407
415,49,2400,399
416,15,2367,397
417,27,2415,395,402,404,409,412
418,16,2360,398
419,30,2433,416
420,37,2409,388,405
421,21,2442,398
422,34,2408,402
423,32,2445,403,408
424,50,2460,419
425,10,2397,418
426,45,2429,393,400,410
427,39,2493,406,425
428,46,2493,409,412
429,49,2506
430,23,2451,411,419,424
431,35,2468,400,410,420
432,14,2466,413,425
433,20,2472,412,417,422,428
434,17,2520,421,425
435,37,2553,414,416,419,424
436,30,2545,403,423
437,36,2520,425
438,37,2499,417,422,428
439,21,2503,405
440,45,2573,426
441,28,2535,424
442,31,2584,408,415,423,436
443,30,2526,432,437
444,29,2547,417,428
445,46,2590,419,441
446,18,2588,415,423,429,436
447,12,2563,427,434,437,443
448,40,2624,428,433,438
449,23,2551,420,426
450,21,2575,446
451,16,2619,432,443,447
452,30,2648,449
453,13,2578,434,447,451
454,28,2619,450
455,42,2663,424,435
456,37,2605,428,433,448
457,49,2626,437,447,451
458,14,2617,431,440,452
459,17,2624,436,446
460,24,2682,439,452,458
461,15,2657,450,454
462,13,2618,430,435,445,455
463,38,2688,444,448
464,25,2701,445,455
465,48,2720,446
466,14,2644,443
467,31,2688,440,458,460
468,25,2661,447,451,453,466
469,42,2700,441,462
470,26,2685,438,456
471,16,2693,449,458,460
472,18,2688
473,43,2734,459,461
474,32,2746,471
475,41,2756,448
476,47,2786,453,466
477,11,2761
478,24,2747,462,477
479,41,2807,458,460,471
480,45,2773,459,465
481,47,2761,475
482,47,2770,462
483,22,2782,457,466,472
484,10,2783,471
485,24,2770,466,468,472
486,33,2786,471,474,479
487,49,2841,461,465,480
488,29,2796,456,475
489,32,2827,477
490,37,2845,476,485
491,30,2882,471,474,484
492,41,2850,470
493,16,2870,477,482
494,20,2862,461
495,37,2842,472,485
496,48,2904,477,482,493
497,28,2871,479,484,486
498,32,2869,473,480
499,10,2836,470,475,481,492
500,24,2926,475,481,488
501,24,2897,476,485
502,50,2922,484,497
503,41,2904,473,487,494,498
504,13,2873,493
505,35,2960,488,499
506,34,2917,485,490
507,29,2926,482,496,504
508,23,2929,486
509,39,2943,487,494,498,503
510,31,2987,488,492,499,500
511,18,2947,485
512,35,2949,489
513,31,2946,497,502
514,33,3014,495
515,13,2943,492,499,505,510
516,30,3012,503,509
517,45,3020
518,32,3026,500,505,515
519,17,2972,491,508
520,38,2999,495
521,45,3050,497,508,513,519
522,26,3012,498,503
523,49,3026
524,16,3019,512
525,20,3069,506,511,520
526,27,3053,516,522
527,40,3090,517
528,25,3079,502,508,521
529,10,3075,520
530,49,3091,516,526
531,12,3047,529
532,18,3072,505,518
533,44,3118,514
534,19,3117
535,47,3131,507,527
536,31,3136,510,515
537,45,3104,534
538,14,3146,522,526,530
539,22,3096,518,523
540,40,3117,520
541,13,3110,516,530,538
542,16,3116,524,535
543,35,3133,518,539
544,50,3166,522
545,40,3178,528,534
546,20,3126,517,524,527,542
547,43,3183,525,531
548,13,3168,527,535,542
549,46,3223,539,543
550,41,3218,535
551,42,3219,521,534
552,43,3198,544
553,47,3261,531
554,18,3224,536,543
555,34,3250,542,548
556,17,3211,528,534,537
557,34,3249,538
558,27,3219,536,543,549
559,33,3254,534,545
560,12,3280,531,533
561,45,3279,550
562,49,3314,533,547,553
563,49,3270
564,10,3243,538,541,544,557
565,36,3269,556,559
566,42,3318,564
567,16,3298,550
568,43,3348,545,565
569,21,3294,560
570,17,3339,543
571,49,3331,548,550,555,561
572,25,3310,544
573,35,3381,554,558
574,20,3323,547,553
575,50,3372,564
576,32,3359,553,560,569
577,20,3389,556,559,565
578,34,3390,555
579,49,3411,554,563,573
580,14,3380,577
581,33,3388
582,41,3393,559,565
583,25,3437,566,572,575
584,10,3379,555,561,571
585,28,3454,561,571,584
586,24,3434,558,563,570
587,32,3410,566
588,29,3418,562,569
589,35,3474,565,568,580
590,18,3476,578
591,41,3465,573,579
592,16,3442,574,576,581,588
593,19,3486,566,587
594,29,3446,571
595,30,3490,576,581,588
596,36,3490,568,580,589
597,27,3490
598,27,3493,570,579,586,591
599,14,3494,584,594
600,25,3485,588
601,13,3469,575,587,593
602,27,3533,585
603,40,3533,580,582,589
604,29,3533,579,586,591
605,16,3485,587,597
606,48,3534,581,588,592,595
607,24,3566,597
608,20,3540,590,594,599,602
609,15,3516,579,586,604
610,12,3509,596,603
611,13,3512,590,594,599,602
612,31,3596,601,605,607
613,37,3576,591,598,609
614,36,3595
615,10,3559,602,608
616,36,3572,588,592,595
617,22,3581,608
618,14,3591,597,607
619,12,3607,591,598
620,50,3594,596,603,614
621,22,3578,611
622,45,3654,607
623,14,3623,619
624,46,3648,592,600,616
625,12,3587,617,621
626,48,3661,613,623
627,24,3625,615,621,625
628,23,3662
629,30,3677,605
630,39,3662,621,627
631,26,3632,606
632,32,3691,609,613
633,14,3636,603,614,620
634,38,3679,607,612,618
635,49,3686,600,624
636,31,3721,614,633
637,39,3679,621,625
638,17,3710,613,632
639,24,3715,614,620,633
640,29,3705
641,46,3774,619,638
642,22,3698,606,616,631
643,36,3732,627
644,49,3747,620,633,636
645,42,3752,618,629
646,21,3746
647,49,3759,623
648,32,3785,625,630,643
649,29,3800
650,42,3836,634
651,29,3763,628,639,644
652,32,3844,630,637,648
653,16,3817,642
654,26,3817,632,641,647
655,36,3803,636,644,651
656,31,3827
657,28,3819,629,640,650
658,45,3848
659,16,3844,632,638,641
660,26,3888,653,656
661,11,3867
662,50,3868,654
663,32,3883,634,640,657
664,17,3839,651
665,25,3879,656
666,49,3930
667,40,3917,644
668,47,3890,640
669,34,3910,656,660
670,28,3889,654,659
671,39,3915,661
672,35,3968,643,652,666
673,49,3946,647,659,662
674,24,3919,650,663
675,31,3937,653,656,665
676,46,3961,650,663
677,18,3946,664
678,49,3988,658,666
679,17,3983,656
680,11,4002,661,671
681,31,4010,659,662,670
682,38,4010,675
683,47,4031,664,667
684,12,4023,668
685,48,4042,652,658,678
686,47,4011,662,681
687,19,4030
688,49,4031,675,679
689,18,4048,677,680,683
690,26,4035,674,676
691,48,4085,680,689
692,45,4119,658,666,678
693,39,4044,662,670,681,686
694,28,4079,674,676,684,690
695,32,4114,669,679
696,37,4130,687,690,694
697,19,4118,681,693
698,23,4072,683,691
699,43,4098,675,688,695
700,25,4090,666,672
701,12,4111
702,43,4118,683,698
703,33,4107,684,694
704,12,4086,692
705,12,4129,681,693,701
706,33,4146,678
707,39,4174,693
708,19,4131,695
709,41,4155,687,703
710,33,4161,688
711,34,4180,683,691,698,702
712,18,4180,700,704
713,25,4211,697
714,28,4187,700,704,712
715,15,4174,699,710
716,35,4213
717,33,4212,702,711
718,23,4180,701,713
719,47,4208,695,708,710
720,33,4211,700,706,714
721,40,4228,701
722,13,4258,691,698,717
723,31,4234,694,703,709
724,27,4255,698,711
725,49,4270,704,712,720
726,23,4247
727,28,4304,696,703,709,716
728,12,4233,705,713,718,721
729,11,4276,724
730,27,4286,721
731,44,4285,708,715
732,31,4275,722,729
733,32,4332,716,723,727
734,27,4304,712,714,720
735,43,4298,713,721
736,45,4326
737,25,4346,715,731
738,26,4352,709
739,20,4348,712,714,720
740,25,4350,720,725,739
741,28,4329,715,726,737
742,34,4355,730
743,48,4381,723,727,738
744,35,4407,729,736
745,43,4377,720,739,740
746,14,4363,719,731,737,741
747,32,4390,721,730,742
748,16,4411,731
749,31,4411,724,729,732
750,12,4378,727,738
751,15,4388,731,737,741
752,33,4414,727,738,750
753,39,4456,728,730,747
754,39,4454,734,740
755,33,4418,751
756,32,4470,729,749
757,37,4427,738,750,752
758,10,4467
759,45,4470,739,740
760,49,4455,741,748,751,755
761,38,4467
762,25,4456,735,742,747,758
763,27,4479,738,743,750,757
764,39,4490,758,762
765,27,4527,736,756,761
766,40,4494,740,754,759
767,19,4530,748,760
768,12,4526,743,750,752,757,763
769,41,4573,763
770,16,4509,749,756
771,15,4485
772,44,4522
773,36,4548
774,18,4565
775,31,4568,759
776,31,4587,765
777,36,4609,752,768,769
778,13,4570,745
779,42,4627,753,762,772
780,44,4580,755,767
781,48,4621,754,759,778
782,46,4614,761,774,776
783,40,4623,757,768,777
784,33,4658,762,764,772
785,42,4619,760
786,29,4621,775
787,45,4637
788,16,4652,768,777,783
789,27,4628,772,784
790,40,4644,788
791,11,4627,767,773,785
792,44,4678,766,778,786
793,33,4686,771,773,780,791
794,15,4661,772
795,46,4714,770,787
796,50,4701,772,779,784
797,23,4707,777,790
798,12,4662,793
799,17,4690,792
800,25,4706
801,15,4723,780,793
802,33,4759,786,799
803,39,4712,774,782
804,48,4784,785,798
805,36,4763,779,794
806,15,4710,790
807,42,4775,792
808,16,4750,797
809,13,4767,803
810,46,4799,800,806,808
811,21,4766,789
812,27,4757
813,46,4787,793,801
814,33,4792,789,805
815,36,4841,792,799
816,16,4775,787,795,803,809,812
817,15,4845,800,808,810
818,14,4800,803,816
819,31,4833
820,45,4877,796,811
821,27,4809,800,808
822,41,4884
823,38,4856,803,809,818
824,39,4901,819
825,49,4907,808,821
826,41,4917,809,812,818,823
827,15,4858
828,17,4874
829,27,4931,802
830,26,4881,805,811,814,828
831,41,4911,804,813,824
832,16,4926,810,817,821
833,45,4928,812,816,823
834,33,4915,827
835,46,4951,811
836,47,4951
837,35,4922,813,824
838,17,4960
839,48,5005
840,29,4980,814,828,830,835
841,12,4926,822,829,834
842,30,5002,831
843,37,4998,821,836
844,35,4992,827,838,841
845,37,5022,835,840
846,37,4996
847,12,4985,818,833,839
848,41,5013,832
849,22,5013,844
850,34,5024,847
851,15,5005,828,830
852,16,5054,834
853,38,5085,824,831,837
854,17,5074,835,840
855,22,5046,825,836
856,27,5028,852
857,16,5041,839
858,21,5038,835,854
859,10,5036,839
860,36,5094,836,843
861,44,5106,831,837,842,846
862,20,5101,847,850
863,34,5119,844
864,24,5059,845,854,858
865,48,5148,847,862
866,48,5111,854,858
867,22,5107,836,860
868,21,5129,849
869,13,5099,846,853,861
870,25,5168,843,855
871,20,5136,849,868
872,18,5124,846,853
873,34,5195,850,859,862,865
874,38,5192,846,861,872
875,17,5143,856,863,868,871
876,41,5191,854,858,864,866
877,10,5170,860,870
878,33,5206,855,860,877
879,34,5191,856,875
880,13,5162,862,865,873
881,44,5209,861,872
882,19,5182,859,865
883,21,5175,854,858,866
884,48,5227,867
885,21,5203,863,871,879
886,44,5253,862,865,880,882
887,18,5236,883
888,13,5196,868,875,879,885
889,20,5263,861,869,872,874
890,16,5211,883,887
891,38,5229,879,885
892,30,5268,867,877
893,29,5272,866,883,887
894,43,5282,869,872,881,889
895,18,5221,865,880,886
896,30,5315,882
897,36,5266,878
898,20,5298,879,885,888
899,34,5303,883
900,49,5310,879,891,898
901,49,5350,872
902,36,5333,880,882,896
903,44,5342
904,15,5288,890
905,21,5316,893,904
906,42,5350,882,886,902
907,43,5344,888,891,900
908,17,5344,881
909,45,5377,890,893,899,905
910,50,5364
911,42,5360,881
912,32,5419,906
913,27,5389,888
914,27,5414,893,905
915,34,5392,894
916,41,5452,884,910
917,49,5458,896
918,36,5404,907
919,22,5430,914
920,18,5455,908
921,40,5475,904,905,909
922,18,5474,916
923,17,5457,898,918
924,22,5455,908
925,26,5474,896,912,917
926,17,5468,910
927,16,5450,907,918
928,19,5447,911,924
929,18,5452,903,922,926
930,46,5478,905,914,919
931,42,5483,913,918,927
932,46,5521
933,30,5475,911,920,924
934,32,5510,922
935,16,5510,931
936,29,5567,924
937,33,5515,909
938,26,5540,926,929
939,12,5492,912,917,925
940,37,5568,931
941,41,5581,912,932
942,12,5519,920,928
943,25,5545
944,50,5560,914,930
945,46,5626,936
946,41,5601,923,927,931,935
947,38,5598,926
948,31,5606,932
949,47,5648,921,937
950,34,5600,928,933,942,945
951,44,5640,948
952,29,5604,940
953,14,5585,929,934,938,943,947
954,11,5591,938,947
955,29,5660
956,14,5637
957,15,5670,931,935
958,21,5690,921,944
959,50,5673,936,950,956
960,12,5674,941,948
961,39,5696,946,952
962,15,5703,941,948
963,10,5689,943
964,17,5658
965,11,5710,954,963
966,29,5666,941,948,951
967,12,5716,953,954
968,34,5739,944,958
969,37,5731,940,946,957
970,46,5767,954,955,965,967
971,28,5743,942,945,956,959
972,27,5694,960
973,24,5755,944
974,28,5774,957,961,969
975,43,5786,971
976,47,5770
977,32,5734,965,970
978,13,5749,949,964,968
979,33,5799,952,961
980,50,5813,968,978
981,10,5740,959,971
982,42,5774
983,45,5841,966,972
984,28,5791,975,981
985,34,5811,957,961,969,974,979
986,30,5823,964,968,978,980
987,48,5848,981
988,26,5810,970,977,982
989,17,5849,961
990,25,5869,962,966,972,976,983
991,34,5866,968,980
992,24,5869,969
993,37,5860,967,970,977,988
994,28,5906,983,990
995,15,5880,981,984
996,28,5890,985,989
997,31,5892,991
998,37,5933,975,984,987,995
999,17,5895,972,976,983,994
1000,35,5921,970,977,982
1001,22,5901,979,985,989,992,996
1002,34,5910,976,999
1003,36,5928,980
1004,41,5931,987,995
1005,43,5941,977,982,1000
1006,27,5932,992,1001
1007,12,5920,983
1008,44,5952,986,991,997
1009,43,5956,992,996
1010,10,5919,1007
1011,31,5980,995
1012,14,5977,999,1002
1013,38,5993,993,1000
1014,44,5990,999,1010
1015,17,5956,995,998,1004,1011
1016,32,6022,997
1017,49,6055,996
1018,48,6038,1000,1005
1019,12,6003,1004,1015
1020,20,6031,1014
1021,23,6046
1022,27,6002
1023,33,6048,1020
1024,36,6044,1006
1025,37,6040,1004,1011,1015
1026,25,6048,1003,1008
1027,24,6027,1000,1005,1018
1028,43,6064,1010,1020,1023
1029,45,6095,1003,1008,1016,1026
1030,24,6066,1000,1013,1018
1031,14,6104,1006
1032,50,6132,1021,1025
1033,35,6097,1009,1017,1031
1034,38,6096,1005,1013,1018,1027,1030
1035,32,6132,1014,1023
1036,14,6106,1022,1026
1037,33,6129,1009,1033
1038,36,6138,1015,1025
1039,44,6159,1026
1040,33,6157,1013,1018,1030,1034
1041,42,6175,1014,1028
1042,30,6206
1043,41,6163,1019,1021,1025,1032
1044,19,6161,1034
1045,31,6163,1026
1046,49,6229,1035
1047,13,6181,1040,1044
1048,38,6215,1031,1037
1049,17,6234,1030,1044,1047
1050,19,6240,1032,1038
1051,23,6233,1045
1052,33,6218,1044,1047
1053,44,6231,1025,1050
1054,34,6219,1031,1042,1048
1055,40,6239,1045,1051
1056,29,6229
1057,40,6302,1040,1047,1052
1058,24,6244,1042
1059,39,6297,1035
1060,22,6272,1043
1061,48,6322,1036,1039,1051
1062,31,6270,1042,1048,1058
1063,18,6273,1038,1060
1064,48,6303,1044,1057
1065,31,6347,1035,1041,1059
1066,30,6303,1050,1063
1067,46,6318,1048
1068,44,6366
1069,14,6334,1041,1059
1070,18,6309,1053,1060,1063
1071,49,6338,1049
1072,12,6316,1069
1073,41,6377,1063,1070
1074,47,6377,1065,1069
1075,14,6395,1062
1076,42,6382,1055,1061
1077,29,6400
1078,25,6410,1049
1079,20,6425,1066,1073
1080,30,6386,1068,1076
1081,37,6410,1062,1077
1082,36,6437,1065,1069
1083,36,6442,1052
1084,47,6437,1063,1079
1085,30,6483
1086,29,6471,1062
1087,31,6438,1082
1088,30,6459,1064,1078,1083
1089,40,6493,1084
1090,27,6475,1076,1080
1091,14,6459
1092,41,6510,1069,1087
1093,15,6450,1064,1071,1088
1094,15,6490,1086
1095,30,6517,1068,1080,1085
1096,37,6545,1071,1078,1093
1097,10,6473,1077,1081,1086,1094
1098,31,6520
1099,46,6558,1081
1100,15,6510,1074
1101,40,6539,1076,1090
1102,13,6556,1092
1103,45,6537,1078
1104,14,6548,1079,1098
1105,36,6561
1106,20,6548,1089,1104
1107,19,6554,1086,1091,1094,1097
1108,22,6581,1090
1109,37,6626,1084,1089
1110,25,6583,1097,1107
1111,26,6563,1088,1096
1112,41,6612,1087,1100
1113,40,6630,1085,1090,1095
1114,40,6626,1097
1115,41,6607,1088,1103,1111
1116,28,6602,1089,1106
1117,43,6682,1100,1102,1112
1118,41,6650,1101,1108,1113
1119,38,6636,1098
1120,24,6668,1097,1099,1107,1114
1121,44,6641
1122,47,6698,1120
1123,16,6698,1095,1101,1108,1113
1124,31,6689,1112
1125,24,6659,1106,1109,1119
1126,39,6680,1101,1118,1123
1127,44,6744,1111,1121
1128,48,6718,1112
1129,46,6693,1109,1116,1119,1125
1130,29,6731,1107,1120
1131,39,6754,1108,1113,1118,1126
1132,38,6762,1111,1115,1121
1133,16,6723,1110,1120
1134,11,6747,1116,1125
1135,43,6760,1124,1128
1136,27,6755,1119,1125,1134
1137,30,6767,1122
1138,42,6788,1113,1118,1123
1139,21,6773,1127
1140,49,6806,1134
1141,50,6811,1122,1130
1142,32,6834
1143,29,6796
1144,13,6776
1145,38,6852,1138
1146,39,6851,1142
1147,16,6792,1127,1139
1148,12,6820,1125,1136
1149,24,6878,1143,1147
1150,33,6852
1151,21,6825,1134,1136
1152,12,6834,1126,1131
1153,31,6885,1146
1154,36,6892,1139
1155,42,6912,1134,1136,1151
1156,46,6904,1152
1157,38,6870,1130,1133,1141,1150
1158,34,6939,1128,1135,1146,1153
1159,25,6887,1149,1154
1160,24,6906,1155
1161,10,6916,1141
1162,17,6935,1145,1156
1163,29,6939
1164,34,6914,1143,1154,1159
1165,24,6941,1146,1153,1158
1166,17,6898,1162
1167,27,6933,1140
1168,22,6950,1145
1169,11,6977,1157,1161,1163
1170,38,6992,1146
1171,38,6979,1154,1164
1172,50,7012,1151,1155
1173,20,6944,1163
1174,48,7008,1162,1168
1175,39,7007,1157,1169,1173
1176,11,6995,1153,1158
1177,33,7003,1149,1154,1159,1164,1171
1178,42,7008,1165
1179,50,7066,1155
1180,16,6983,1156,1166
1181,50,7067,1161,1173,1175
1182,17,7009,1177
1183,37,7075,1162,1174,1180
1184,24,7049,1158,1165,1176
1185,23,7019,1182
1186,12,7083,1155
1187,49,7087,1170,1184
1188,19,7036,1171,1185
1189,39,7116,1169,1173
1190,14,7087,1166,1183
1191,32,7106,1160,1167,1172,1179,1186
1192,29,7105,1174
1193,17,7066,1185
1194,11,7077,1167,1179
1195,29,7132,1182,1185
1196,50,7105,1169,1181
1197,38,7134,1190
1198,33,7118
1199,41,7106,1170,1176,1184
1200,35,7136,1188
1201,30,7135,1179
1202,25,7180,1183,1190
1203,18,7163,1178,1184
1204,19,7152,1181,1189
1205,27,7205,1188,1200
1206,11,7188,1199,1203
1207,19,7165,1183,1190
1208,50,7185,1186,1194,1198,1201
1209,31,7175,1175,1189
1210,22,7200,1184,1187,1206
1211,35,7225,1190,1202,1207
1212,22,7208,1195,1200
1213,33,7207
1214,36,7250,1189,1196,1209
1215,46,7245
1216,40,7264,1191,1198
1217,22,7228,1207,1211
1218,48,7285,1210
1219,13,7234,1189,1214
1220,18,7221,1202
1221,31,7237,1204,1209
1222,11,7268,1195,1200,1205
1223,37,7317,1194,1208,1216
1224,36,7268,1202,1207,1211
1225,32,7288,1205,1212
1226,41,7291,1210,1213
1227,26,7297,1209,1214
1228,48,7363,1198,1201,1208
1229,15,7323,1220,1224
1230,29,7344,1215
1231,18,7283,1221
1232,29,7326,1217,1229
1233,31,7312,1206,1218
1234,24,7369,1219,1231
1235,13,7350,1212,1215
1236,20,7344
1237,19,7324,1224,1229,1232
1238,30,7392,1216,1223,1228
1239,48,7368,1221,1227
1240,11,7366,1210,1218
1241,10,7368,1224
1242,18,7390,1235,1236
1243,19,7336,1240
1244,17,7381,1232,1237
1245,39,7428,1216
1246,20,7397,1225,1242
1247,15,7397,1233,1240,1243
1248,22,7371,1229,1237,1241,1244
1249,35,7393,1233,1240,1243
1250,27,7410,1231,1239
1251,18,7378,1230,1242
1252,32,7459,1244,1248
1253,49,7416
1254,22,7444,1235,1236,1246
1255,38,7467,1227,1231,1234,1250
1256,37,7439,1240,1243,1247
1257,20,7430,1246
1258,46,7449,1244
1259,43,7478,1251,1257
1260,19,7499,1231
1261,39,7506,1223,1245,1253
1262,45,7509,1240
1263,49,7489,1234,1255,1260
1264,12,7519,1241,1252
1265,40,7507,1252,1264
1266,44,7515,1228,1261
1267,24,7544,1251,1257
1268,15,7510,1256,1262
1269,34,7550,1257,1259
1270,18,7569,1247,1249,1268
1271,13,7540,1260,1263
1272,43,7572,1248,1264
1273,14,7537,1263,1271
1274,45,7594,1245,1253,1261,1266
1275,20,7583,1256
1276,44,7590,1255
1277,34,7616,1254,1259
1278,47,7599,1256,1262,1270,1275
1279,30,7579,1264
1280,34,7623,1261,1266,1274
1281,29,7634,1259,1267
1282,31,7647,1260,1271,1276
1283,32,7638,1265
1284,24,7599,1268,1270,1275,1278
1285,12,7646
1286,12,7626,1253,1261
1287,33,7680,1271,1273,1282
1288,10,7661,1269
1289,12,7672,1280,1286
1290,38,7666,1275,1278,1284
1291,24,7624,1264,1265
1292,43,7663,1269,1288
1293,50,7675,1286,1289
1294,17,7661,1276
1295,50,7740,1291
1296,35,7731,1270,1284
1297,16,7709,1273,1294
1298,20,7703,1277,1285,1288
1299,28,7711,1282,1287
1300,34,7744,1274,1286
1301,14,7715,1285
1302,16,7699
1303,10,7717
1304,12,7706,1288,1292
1305,39,7722,1287,1297
1306,19,7704,1278,1290
1307,13,7748,1291
1308,15,7710,1280,1286,1300
1309,33,7765,1288,1298,1301,1304
1310,18,7784,1283,1291,1295,1303
1311,37,7737,1284,1290,1302
1312,35,7775,1293
1313,35,7787,1291,1295,1303,1307
1314,44,7768,1299,1305
1315,10,7762,1292,1301,1304,1309
1316,10,7763,1298,1301
1317,42,7824,1293,1308
1318,11,7781
1319,16,7814,1304
1320,31,7778,1318
1321,36,7817,1295,1307
1322,16,7783,1315
1323,22,7853,1299
1324,29,7832,1315
1325,50,7846,1308,1312
1326,45,7846,1302,1320
1327,15,7805,1314
1328,37,7847
1329,37,7848,1314
1330,46,7907,1315,1316
1331,25,7889
1332,19,7887,1318,1320
1333,28,7914,1300,1312
1334,25,7925,1327
1335,44,7940,1311,1318,1326
1336,46,7921,1331
1337,35,7893,1322,1324
1338,26,7907,1308,1317,1333
1339,38,7907,1323,1329
1340,17,7908,1312,1317,1325,1333,1338
1341,22,7931,1337
1342,21,7976,1318,1335
1343,45,7994,1313,1328
1344,13,7979,1325,1340
1345,20,7983,1323,1329,1334
1346,30,7978,1322
1347,46,7991,1342
1348,40,7973,1333,1338,1340
1349,41,8011,1334,1339,1345
1350,38,7987,1341,1346
1351,50,8038,1321,1343
1352,21,7991,1333,1338,1344
1353,44,8027,1335,1342,1347
1354,29,8042,1329
1355,25,8066,1340
1356,10,7998,1337
1357,26,8021,1337,1341,1346,1356
1358,29,8062,1331,1336,1351
1359,27,8070,1339,1345,1349
1360,40,8085,1342,1353
1361,38,8072,1344,1348,1352
1362,39,8064,1346,1350,1357
1363,11,8037,1339
1364,12,8059,1331,1351
1365,28,8115,1363
1366,27,8078,1343
1367,22,8106,1344,1348,1352,1355
1368,41,8081,1335,1342
1369,20,8091,1357
1370,35,8103,1359,1363,1365
1371,40,8137,1351,1358
1372,44,8119,1348,1352,1367
1373,32,8141,1357
1374,47,8136,1342,1353,1368
1375,35,8152,1359,1363
1376,30,8185,1366,1371
1377,47,8178,1357,1369,1373
1378,40,8153,1352,1355,1361
1379,42,8197,1347,1360,1368,1374
1380,38,8166,1359,1363,1365,1370
1381,46,8187
1382,33,8208,1361,1378
1383,28,8207,1357,1373,1377
1384,37,8224,1363,1375
1385,39,8209,1353,1360,1374,1379
1386,40,8262,1364,1366,1381
1387,12,8199,1361,1367
1388,46,8230,1362,1373
1389,27,8272,1367,1378,1382
1390,38,8277,1365,1370,1380
1391,17,8260,1360,1368,1374
1392,26,8290,1366,1371,1376,1386
1393,26,8258,1372,1382,1387
1394,39,8284,1369,1377
1395,34,8300,1368,1374
1396,27,8290,1381,1392
1397,10,8318,1370,1375,1390
1398,35,8312,1378
1399,47,8308,1397
1400,35,8349,1374,1395
1401,39,8299,1373
1402,32,8306,1396
1403,13,8334,1387,1398
1404,43,8336,1398,1403
1405,13,8325,1379,1395
1406,43,8407,1384,1390
1407,25,8382,1396,1402
1408,47,8399,1377,1388
1409,40,8359,1385,1405
1410,11,8361,1392,1407
1411,15,8353,1393,1403,1404
1412,41,8406,1396,1407,1410
1413,19,8379
1414,38,8445,1391,1405,1409
1415,35,8417,1393,1404,1411
1416,46,8436,1408
1417,13,8416,1406,1413
1418,46,8474,1413
1419,10,8387,1396,1407,1412
1420,16,8416,1398,1404,1411
1421,23,8425,1405,1409,1414
1422,32,8429,1402,1410,1419
1423,16,8462,1388
1424,25,8477,1404
1425,40,8461,1414,1421
1426,42,8507,1408,1416,1423
1427,19,8463,1407,1410
1428,24,8448,1399,1413,1418
1429,31,8487,1411
1430,12,8488,1412,1422
1431,37,8531,1413,1417,1418,1428
1432,50,8518,1405,1409,1414,1421
1433,43,8496,1419,1422,1427
1434,45,8554,1416
1435,27,8498,1415,1420,1424
1436,46,8558,1418
1437,46,8566,1415
1438,29,8567,1419,1430,1433
1439,10,8569,1408,1416,1426,1434
1440,46,8559,1421,1432
1441,18,8573,1416,1423,1426
1442,34,8603,1422,1427,1430
1443,48,8595,1423,1434,1439,1441
1444,48,8639,1418
1445,28,8567,1437
1446,31,8576,1421,1425,1440
1447,32,8618,1430,1433,1438
1448,26,8592,1435
1449,44,8650,1426,1434,1441
1450,47,8625,1418,1436
1451,26,8604,1425
1452,23,8623,1429,1445
1453,15,8607,1430,1438
1454,37,8686,1425,1446,1451
1455,15,8625,1433,1438,1447
1456,13,8644,1437,1452
1457,21,8664,1438,1442,1453
1458,27,8702,1434,1439,1443
1459,36,8675,1452
1460,43,8663,1428,1436,1444,1450
1461,49,8751,1453,1457
1462,45,8709,1446,1451,1454
1463,36,8705,1439
1464,29,8696
1465,16,8697
1466,20,8768,1436,1465
1467,23,8723,1441,1443,1449,1463
1468,26,8719
1469,20,8719,1451
1470,20,8755,1447,1453,1455,1461
1471,10,8764,1444,1465
1472,16,8762,1451,1454
1473,48,8811,1449,1458,1467
1474,24,8756,1461,1470
1475,30,8775,1468
1476,33,8771,1450,1460,1466
1477,45,8781,1454,1472
1478,45,8790,1457,1461
1479,26,8818,1456,1464
1480,21,8792,1476
1481,16,8773,1449
1482,43,8819,1466,1471,1480
1483,22,8817,1472
1484,36,8865,1468,1475,1479
1485,14,8822,1458,1463,1467
1486,32,8858,1457
1487,13,8794,1463,1481
1488,20,8863,1472,1477
1489,32,8869,1481,1485
1490,10,8872,1468,1479
1491,43,8872,1469,1472,1477
1492,24,8858,1466,1476,1480,1482
1493,18,8870,1461
1494,19,8845,1475,1484
1495,16,8865
1496,38,8924,1489
1497,29,8922,1490
1498,22,8863,1471,1480,1492
1499,33,8893,1478,1486
1500,47,8942,1472
1501,21,8874,1476,1480,1482,1498
1502,23,8897,1497
1503,11,8899
1504,32,8909,1480,1501
1505,30,8931,1495
1506,12,8896,1496,1503
1507,48,8928,1484,1490,1502
1508,17,8962,1487,1506
1509,37,8944,1477
1510,16,8922,1489,1503,1506,1508
1511,32,8987,1493
1512,10,8921,1482,1498
1513,37,8985
1514,43,8977,1503,1508
1515,22,8955,1494,1507
1516,19,8951,1483,1509
1517,46,9003,1493,1495,1499
1518,36,9053,1507
1519,28,9017,1516
1520,41,9046,1504,1512
1521,31,9023,1508,1510
1522,41,9067,1519
1523,14,9000
1524,43,9061,1497,1502,1518
1525,20,9063,1501,1512,1520
1526,38,9057,1521
1527,31,9087,1505,1523
1528,31,9097
1529,19,9105
1530,17,9107,1527
1531,22,9062,1507,1515,1524
1532,25,9064,1508,1514
1533,30,9134,1519,1522
1534,17,9112,1512
1535,35,9102,1517,1530
1536,24,9145,1507,1531
1537,13,9115,1521,1532
1538,40,9154,1513,1520,1525,1534
1539,11,9133,1522,1529
1540,35,9130
1541,20,9116,1515,1524
1542,28,9167,1523
1543,47,9168,1519,1529
1544,30,9145,1524
1545,16,9173
1546,24,9139,1521,1526,1540
1547,50,9157,1523,1527,1535,1542
1548,41,9172
1549,10,9174,1536,1544
1550,24,9195,1539
1551,19,9213,1526,1537,1540
1552,33,9233,1531,1549
1553,28,9215,1532
1554,29,9203,1543
1555,12,9184,1527,1530
1556,47,9213,1548
1557,27,9264,1536,1544,1549
1558,32,9233,1542,1547
1559,31,9261,1537,1540,1546,1551
1560,46,9282,1533,1539,1550,1554
1561,14,9246,1552,1557
1562,27,9237,1547,1555,1558
1563,23,9273
1564,43,9311,1546,1559
1565,35,9300,1549,1552,1557,1561
1566,48,9323,1543,1550
1567,47,9305,1538,1545
1568,48,9330,1558,1562
1569,22,9272,1549,1561
1570,39,9327,1551,1553,1564
1571,19,9303,1552,1565
1572,26,9341,1543,1550,1554
1573,46,9353
1574,19,9361,1558
1575,50,9392,1557,1565,1571
1576,29,9378,1551,1553,1564,1570
1577,12,9366,1558,1562
1578,38,9393,1572
1579,26,9396,1558
1580,46,9414
1581,12,9394,1556,1563,1573
1582,43,9386,1581
1583,24,9372,1562,1568
1584,39,9383,1561,1565,1571,1575
1585,15,9410,1554,1566,1578
1586,28,9384
1587,11,9388,1568,1577,1579,1583
1588,37,9438,1559,1570,1576
1589,10,9424,1574,1579,1587
1590,16,9418,1565
1591,39,9417,1581
1592,42,9458,1577,1583,1589
1593,21,9445,1572,1578,1585
1594,27,9458,1575
1595,13,9418,1564,1570,1580
1596,27,9463,1572
1597,35,9512,1580
1598,28,9473,1567
1599,48,9465,1571,1584
1600,17,9481,1579,1583,1587
1601,16,9514,1578,1585,1586
1602,14,9505,1587
1603,21,9496
1604,46,9523,1585,1586,1596,1601
1605,27,9474,1576,1588
1606,18,9485
1607,21,9550,1603
1608,35,9531,1590,1594,1599
1609,46,9562,1602
1610,15,9513,1580,1588,1597
1611,22,9552
1612,13,9535,1597
1613,20,9541,1593,1604
1614,19,9541,1594
1615,13,9568,1605
1616,36,9565,1591,1607,1611
1617,25,9562
1618,35,9572
1619,43,9613,1615
1620,27,9607,1594,1599,1608,1614
1621,33,9605,1596
1622,47,9638,1607
1623,36,9614,1608,1614
1624,45,9658,1600
1625,15,9627,1610,1612,1619
1626,38,9666,1601,1604,1613
1627,29,9640,1610,1612,1615,1619,1625
1628,40,9679,1608,1614,1620,1623
1629,15,9609,1603,1616
1630,44,9653,1602,1609
1631,30,9683,1612,1615,1619
1632,31,9695,1607,1616,1622
1633,40,9658,1604
1634,40,9729,1614,1620,1623
1635,14,9689,1615,1625,1631
1636,11,9650,1629,1632
1637,36,9684,1606,1609
1638,30,9712,1616,1622
1639,23,9696,1613,1633
1640,36,9736,1619,1625,1627,1635
1641,28,9760,1623
1642,13,9721,1617,1626
1643,47,9741,1618,1630
1644,38,9740,1632
1645,44,9756,1621,1626
1646,13,9698,1635
1647,17,9714,1623,1628,1634,1641
1648,30,9777,1640,1646
1649,16,9762,1647
1650,11,9780,1636,1638,1644
1651,41,9796,1624,1643
1652,31,9780,1628,1641,1649
1653,44,9777,1638
1654,45,9813,1635
1655,23,9775,1639
1656,38,9798,1633,1639
1657,32,9825,1634,1641,1652
1658,31,9799,1624,1630,1637,1643
1659,36,9823,1644,1653
1660,46,9824,1648,1654
1661,18,9832,1641,1647,1652,1657
1662,28,9843,1639,1655,1656
1663,14,9842,1637,1651,1658
1664,32,9873
1665,31,9865,1650,1653,1659
1666,20,9841,1637,1643,1658,1663
1667,28,9868,1645
1668,23,9851,1646
1669,16,9859,1666
1670,29,9872,1644,1650,1665
1671,10,9897,1657,1664
1672,31,9900,1646,1648,1654,1660,1668
1673,22,9886,1658,1666
1674,27,9923,1662
1675,25,9912,1664,1671
1676,27,9910,1653,1665
1677,42,9977,1663,1666
1678,40,9914,1674
1679,35,9930,1660
1680,22,9911,1664,1671
1681,39,9965,1653,1676
1682,43,9963,1661,1675
1683,50,9986,1668
1684,23,9940
1685,11,9938,1656,1667,1678
1686,17,9971,1667,1678,1685
1687,50,10040,1673,1684
1688,35,9985,1659,1676,1681
1689,24,10012,1675,1682
1690,41,10044,1674
1691,44,10048,1660,1683
1692,30,10052
1693,32,10003,1676
1694,13,10030
1695,48,10067,1673,1677,1684
1696,17,10055,1680,1682,1692
1697,39,10065
1698,22,10078,1688,1693
1699,49,10104
1700,18,10087,1680,1689,1692,1696
1701,18,10079
1702,44,10131,1682,1692,1700
1703,40,10078,1673,1687,1695
1704,20,10118,1685
1705,18,10097,1698,1701
1706,43,10157,1691,1699
1707,17,10105
1708,31,10104,1688,1698
1709,23,10145,1687,1695,1703
1710,23,10113,1694,1697,1704,1707
1711,16,10115,1700
1712,16,10139,1702
1713,38,10143,1698,1701
1714,33,10188,1687
1715,26,10180,1694,1710
1716,37,10177,1679,1683
1717,49,10159,1702
1718,23,10187,1704,1715
1719,17,10191,1687,1703,1709
1720,13,10158,1698
1721,38,10181,1699,1706
1722,48,10222,1705
1723,29,10225,1707,1715,1718
1724,26,10196,1709,1714
1725,32,10199,1700,1711,1712
1726,29,10256,1699,1706,1716,1721
1727,20,10211,1709,1719,1724
1728,37,10262,1710,1715,1723
1729,10,10212,1702,1711
1730,37,10234,1708,1713
1731,21,10220,1714,1719,1727
1732,25,10258
1733,42,10290
1734,10,10218,1710,1715,1718,1723
1735,28,10255
1736,18,10298,1715,1728
1737,30,10278,1712
1738,28,10304,1708,1720
1739,43,10312,1718,1723
1740,34,10318,1724,1727,1731,1735
1741,10,10266,1706,1733
1742,28,10320,1732
1743,43,10347,1716,1721,1733,1741
1744,44,10309,1722
1745,32,10366,1724,1727,1735,1740
1746,25,10361,1729
1747,20,10345,1723,1734
1748,27,10339,1721,1726,1733,1743
1749,16,10316,1730
1750,12,10371
1751,28,10349,1732,1742,1746
1752,48,10383,1731,1740
1753,20,10369,1747
1754,13,10383,1722,1730
1755,31,10418,1726,1748
1756,41,10395,1744,1749
1757,48,10386,1746,1751
1758,11,10345,1747,1750
1759,46,10411
1760,38,10409,1741,1755
1761,15,10409,1735
1762,12,10378,1738,1744,1754
1763,44,10436,1740,1745
1764,20,10453,1742,1751
1765,34,10426,1749
1766,39,10453,1750
1767,23,10431,1743,1748,1755,1760
1768,34,10476,1742,1757
1769,25,10472,1740,1745
1770,28,10497,1760,1767
1771,27,10440,1754
1772,19,10493,1750
1773,49,10524,1746,1751,1757
1774,13,10493,1763
1775,16,10467,1748,1767,1770
1776,49,10488
1777,27,10489,1759,1772
1778,29,10537,1763,1769
1779,44,10540,1770
1780,11,10530,1759
1781,37,10553,1763
1782,33,10550,1751,1757,1768
1783,11,10546,1780
1784,41,10543,1762
1785,30,10590,1777
1786,40,10599,1767,1770,1775,1779
1787,27,10566,1764,1768,1773,1782
1788,30,10602
1789,23,10574,1772,1783
1790,34,10600,1765,1771
1791,22,10586,1770,1786
1792,18,10621,1773,1787
1793,48,10648,1778
1794,32,10608,1777
1795,44,10667,1782
1796,41,10641,1779,1791
1797,34,10602,1784,1790
1798,46,10651,1780,1785
1799,18,10679,1793
1800,36,10695,1771,1784,1790,1797
1801,13,10681,1775,1796
1802,36,10702
1803,19,10649,1788,1799
1804,39,10685
1805,37,10688,1798
1806,38,10698
1807,14,10670,1776,1797
1808,23,10730,1782
1809,50,10743,1790,1800
1810,20,10685,1786,1796
1811,23,10740,1787,1792,1808
1812,33,10760,1798,1805
1813,47,10732,1806
1814,26,10739,1791
1815,50,10752,1792
1816,42,10791,1789,1805,1812
1817,15,10757,1790,1800
1818,40,10797,1796,1801,1814
1819,48,10801,1800,1809
1820,18,10787,1799,1803,1813
1821,17,10788,1820
1822,31,10771
1823,26,10765
1824,19,10759,1804,1814
1825,33,10828,1806,1813
1826,46,10810,1804,1818
1827,26,10785
1828,28,10855,1812
1829,44,10810
1830,30,10828,1806,1820,1821
1831,33,10874,1809,1819
1832,45,10866,1805,1816,1823
1833,31,10845,1824
1834,42,10887,1808,1811,1815
1835,13,10888,1820,1821
1836,18,10900,1819
1837,38,10882,1820,1830
1838,22,10859,1818,1824,1826,1833
1839,20,10868,1816,1823,1828
1840,12,10918,1831
1841,36,10895,1831
1842,29,10921,1834
1843,42,10953,1823,1828,1832
1844,33,10948,1826,1833,1838
1845,14,10894,1821,1825,1830
1846,25,10911,1825,1830,1835
1847,10,10948,1829,1834,1842
1848,19,10969,1827,1840
1849,45,10962,1829,1834,1842,1847
1850,33,10946,1824,1838
1851,17,10969,1823,1828,1843
1852,32,10996
1853,43,11002,1840
1854,47,10976,1828,1843,1851
1855,30,10966,1844,1850
1856,12,10994,1835,1845
1857,12,11015,1834,1842
1858,39,11050,1837
1859,49,10996,1836,1840,1848,1853
1860,28,10986,1834,1842,1857
1861,11,11014,1838,1850
1862,40,11018,1854
1863,31,11015,1844,1861
1864,44,11054,1842,1849
1865,38,11073,1845,1846
1866,50,11110,1863
1867,27,11038,1841,1848,1859
1868,50,11098,1851,1854,1862
1869,35,11083,1849,1864
1870,49,11091,1848,1853,1859
1871,29,11114,1865
1872,17,11099,1855,1861,1866
1873,45,11146,1858,1871
1874,37,11155,1851,1868
1875,47,11129,1849,1860,1864
1876,13,11094,1866
1877,21,11100,1867,1870
1878,38,11135,1861,1866
1879,17,11158,1851,1854,1862
1880,42,11190,1853,1859,1870,1877
1881,35,11154,1858,1865,1873
1882,37,11172,1860,1869
1883,20,11172,1868
1884,17,11176,1863,1866,1872,1876,1878
1885,48,11195
1886,31,11198,1872,1876,1878
1887,13,11206
1888,44,11222,1877
1889,13,11203,1882
1890,34,11243,1887
1891,27,11212,1864,1882
1892,38,11207,1876
1893,27,11205
1894,48,11241,1869,1889,1891
1895,47,11283,1877,1888
1896,24,11228,1871,1887,1890
1897,42,11306,1884,1886,1892
1898,46,11305,1893
1899,13,11245,1881
1900,44,11280,1887,1899
1901,19,11285,1888,1895
1902,39,11276,1875,1882,1894
1903,39,11336,1886,1897
1904,35,11319,1888
1905,24,11340,1879,1883,1885,1898
1906,43,11305,1899
1907,32,11327,1891,1894,1902
1908,16,11296,1883,1898,1905
1909,30,11347
1910,17,11305,1884,1892,1897,1903
1911,11,11328,1885
1912,48,11373,1889,1891,1907
1913,38,11398,1886,1892,1897,1910
1914,48,11386,1898
1915,32,11360,1890,1899,1900
1916,30,11406,1888,1895,1904
1917,23,11393,1896
1918,10,11376,1892,1897,1913
1919,37,11394,1901,1904,1909,1916
1920,41,11418,1891,1894,1902,1907
1921,39,11421,1897,1903,1910,1913
1922,25,11379,1911
1923,34,11421,1900
1924,41,11413
1925,16,11423,1909
1926,20,11463
1927,25,11449,1894,1912
1928,31,11487,1900,1917,1923
1929,38,11433,1919
1930,43,11452
1931,22,11438,1902,1912,1920
1932,15,11473,1914,1922
1933,22,11506,1923,1928
1934,20,11471,1911
1935,14,11500,1909,1929
1936,22,11460,1907,1912,1927
1937,27,11513,1916,1919,1929,1935
1938,19,11471,1915,1917,1923,1933
1939,44,11526,1914,1924
1940,50,11519,1913,1926,1930
1941,45,11551,1912,1927,1936
1942,45,11552,1917
1943,18,11496,1919,1935
1944,30,11564,1935,1943
1945,44,11580,1934
1946,33,11562,1918,1930,1940
1947,24,11569,1927,1936
1948,44,11573,1938
1949,30,11586,1937,1944
1950,31,11605,1931,1947
1951,12,11562,1921,1926
1952,33,11605,1934,1945
1953,49,11606,1940,1946,1951
1954,36,11621
1955,44,11631,1938,1948
1956,19,11576,1936,1947
1957,45,11633,1934,1945,1952
1958,11,11649,1941,1947,1950,1956
1959,46,11673,1950,1956
1960,40,11673,1937
1961,50,11655,1946,1953
1962,46,11653,1933,1948
1963,27,11673
1964,32,11694,1944,1949
1965,47,11696,1947,1950
1966,19,11718,1939,1957,1963
1967,21,11686,1940,1946,1951,1961
1968,29,11701,1942,1948,1955,1962
1969,26,11722,1949,1954,1960
1970,11,11710,1945,1952,1963
1971,42,11729,1946,1961
1972,13,11713,1952,1966,1970
1973,29,11724,1962,1968
1974,30,11744,1950,1959
1975,24,11735,1966,1970,1972
1976,36,11734,1949,1969
1977,31,11800,1968
1978,38,11794,1951
1979,39,11783,1970,1972,1975
1980,31,11751,1959,1965
1981,40,11793,1954,1976
1982,35,11780,1962,1977
1983,32,11783,1965,1974
1984,41,11849,1961,1967,1971,1978
1985,39,11793
1986,24,11836,1964,1981
1987,21,11814,1962,1973
1988,47,11862
1989,45,11860,1961,1967,1971
1990,20,11818,1969,1976
1991,37,11887
1992,44,11838,1982,1987
1993,13,11847,1976,1986,1990
1994,26,11892,1981,1986,1990,1993
1995,43,11874,1974
1996,50,11937,1972,1975,1979,1985,1991
1997,38,11867,1978
1998,24,11912,1992
1999,25,11904,1986
2000,50,11929,1998
