50,2
1,12,12
2,14,18
3,14,33
4,9,21
5,13,28,4
6,3,39,1,3
7,17,43,3
8,4,44,2
9,4,37,2,4,5,8
10,14,68,4,5,8
11,5,48,6
12,10,65,1,3
13,20,84,9
14,19,74,6
15,6,77,8,10
16,9,81,6,7
17,7,87,10,13
18,18,116,7,12,16
19,10,109,13,15,17
20,15,117,13,15
21,4,107,12,14,16,18
22,17,129,16,21
23,17,135,13,17,19
24,16,143,14,21
25,18,155,20,23
26,8,150
27,9,153,17,19,20,23,25
28,2,160,21,22
29,11,173,21,24,28
30,8,175,19,27
31,19,192,28,29
32,10,186,20
33,16,191,23
34,15,189,24,28,29
35,17,209,27,33
36,15,219,26,28,29
37,8,229,27
38,11,218,28,31,36
39,8,230,32,33
40,8,224,29,31,36
41,7,236,35,39
42,6,249,31,36,40
43,5,232,33,35,37,39,41
44,15,247,34,38
45,5,239,35,41
46,7,252,39,41
47,13,263,39,43,45
48,17,265,38,40
49,15,269
50,10,277
