100,5
1,4,18
2,15,15
3,12,12
4,17,17
5,12,12
6,4,4
7,19,36
8,5,22
9,19,41,5
10,13,30
11,2,22
12,13,23,4
13,20,53
14,11,29
15,14,41
16,10,26,4
17,9,33,9
18,3,37,14
19,6,36,8,11
20,4,37
21,4,58,5
22,19,72,7,14
23,19,63,2,10
24,13,67
25,18,55,5,9,17
26,5,61,11,19
27,10,45,13
28,11,73
29,13,65,6,7,14
30,8,65,19,26
31,14,64,10
32,8,59,9,25
33,20,80,13,19
34,18,75,12,16,24,28
35,4,59,17
36,18,81,7,18,22
37,5,70,35
38,3,78,23,31
39,20,96,10,31
40,10,100,35
41,17,101,34
42,13,112,19,26
43,3,91,32,35
44,11,117,14,36
45,11,93,32,40
46,3,93,23
47,12,102,31
48,5,91,30,42
49,4,107,36,44
50,9,99,28,34,41
51,14,127,35,37,40,45
52,10,103,22,29
53,4,122,30,33
54,14,118,48
55,16,116,24,34
56,14,139,38,39
57,5,127,29,49
58,4,107,37,40,43,45
59,15,131,36,52,57
60,16,145,43,51,58
61,9,130,33,42,54
62,13,134,39,46,56
63,16,159,50
64,9,156,48,61
65,9,159,52,59
66,10,146,58,60
67,13,148,39,56,62
68,16,161,54,61,64
69,8,141,41
70,2,154,59
71,15,176,59,65,70
72,12,170,45,60,66
73,4,170,55,63
74,5,173,46,47,62,67
75,8,150,50
76,11,167,56,62,74
77,17,177,53,54,61,64
78,7,155,60,66
79,2,160,57,59
80,13,177,65
81,10,180,55,69,73,75
82,19,192,66
83,18,177,56,67,74
84,2,190
85,14,187,61,64
86,9,171,69
87,17,186
88,4,199,73,81
89,19,191,66,78
90,4,189,62,67,83
91,19,200,64,85
92,5,205,86
93,17,203,67
94,17,223,70,80
95,6,197,81
96,8,211,84,86,92
97,14,231,72,89
98,20,216,90
99,12,221,64,85
100,8,202,86,95
