100,5
1,34,55
2,34,47
3,19,20
4,18,41
5,19,19
6,22,22
7,32,59
8,34,34,5
9,25,53,1
10,34,84
11,33,79,6
12,29,101
13,31,106,8
14,24,103,1
15,33,91,2
16,19,115,11
17,28,105,12
18,22,93
19,17,121,13
20,27,109,4,11
21,22,133
22,32,119
23,17,141,14
24,18,134,7,12
25,20,162,6,16,20
26,33,137,14,23
27,17,133,2,21
28,19,166,12
29,33,165,8
30,16,152,6,20
31,16,153,27
32,16,172,12,24,28
33,17,158,9
34,22,171,16,30
35,29,172,10,21
36,30,207,17
37,20,177,13,22
38,23,172,23,26
39,25,180,20,25,30,34
40,34,213,15
41,34,222,13,19
42,30,198,17,28,32
43,22,242,26,33
44,20,218,25,34
45,17,250
46,23,238,31
47,23,254,19,37
48,22,258,24
49,18,250,25,30,34
50,29,282,33,38
51,21,279,34,44
52,32,258
53,28,280,28,32
54,22,252,41,47
55,28,272,51
56,22,290,38,50
57,26,314,37,41
58,26,297,36,42
59,23,315,52
60,15,316,45,56
61,31,303,44,51
62,25,300,37,54,57
63,19,296,46,52
64,21,310,53
65,33,335,43
66,34,355,40,63
67,21,353,41
68,32,347,48
69,28,356,51,55,61
70,15,347,45,56
71,33,394,47,67
72,31,383,50,56
73,31,364,51,55,61
74,31,386,46
75,27,384,48,53,58
76,23,383,57,67
77,35,413,53
78,29,404,60,65,70,72
79,35,424,51,61,73
80,30,402,52,63,74
81,17,411,57,62,67,76
82,25,413,65,70,78
83,35,454,71,76
84,19,442,59,63,66,80
85,28,461,68,75
86,26,459,55,69
87,28,442,74
88,21,436,65,70
89,21,450,68
90,33,497,61
91,31,470,76,83
92,25,455
93,20,501,66,74
94,29,502,85,89
95,30,501,86,90
96,30,488,76
97,29,513,80,93
98,20,518,78,88,92
99,22,514,75,77,94
100,29,523,78,98
