200,2
1,1,1
2,11,11
3,10,19,1
4,20,28,3
5,17,29
6,5,40
7,16,50,1,4
8,2,27,2,5
9,2,39,2,5
10,20,65,8,9
11,3,46,7
12,1,48
13,12,70,4
14,13,65,6,9,10
15,12,76
16,9,80,8
17,15,88,11,12,13,15
18,7,84,8,9,14,16
19,2,78,14,16,18
20,17,101,16,19
21,3,94,12,15
22,18,110
23,12,118,14,16,19
24,12,119,15
25,16,139,20
26,16,143,15,22
27,18,161,20
28,19,163
29,1,157
30,12,161,20,23,25,27,29
31,18,175,22,24
32,10,182,23,25,29,30
33,6,171,30,32
34,2,176,31
35,4,181,24
36,17,189,27,32
37,13,203,28
38,4,199,34
39,8,215,30,36
40,7,213,31,34,37,38
41,16,216,30,36,39
42,10,222,35
43,17,238,35,38,42
44,11,242,41
45,1,237,44
46,3,245,40
47,1,226,39
48,13,256,41,44,45,47
49,2,248,46
50,15,258,40,43
51,2,247,45
52,20,262
53,19,262,42,43,46
54,1,268,45,52
55,1,265,47,52
56,5,285,54
57,9,289,46,50
58,9,278,54,56
59,13,291
60,2,285,52,56
61,3,296,56,58,60
62,9,298,58,60,61
63,9,304,49,50,53,59
64,11,314,56,58,62
65,17,323,50,53
66,3,314,58,61,62,64
67,13,316,64
68,8,318,53,57,63,65
69,15,341,62,66
70,6,334,65,68
71,11,354,65
72,20,353,62,67,69
73,2,355,63,65
74,7,356,65,68,71
75,3,348,74
76,11,358,71,73
77,10,380,67,69
78,12,381,76
79,20,390,67,72,77
80,2,377,73,74,75,78
81,13,403,80
82,14,405
83,18,415,75
84,9,417,72,77,79
85,17,426,78
86,14,420,72
87,3,422,86
88,20,458,80,85
89,16,445,82,86,87
90,12,452,84,86,87,89
91,18,465,81,83,88
92,3,472,86
93,15,469,87,89,92
94,14,488
95,6,485,87,92
96,4,476,85,94
97,20,496,89,92,95
98,2,492,88,96
99,6,501,94
100,10,505,96,99
101,12,510,90,93
102,15,526
103,2,520,95
104,1,525,95,97
105,14,538,95,101
106,4,513,96,100
107,17,537,99,102
108,13,545,103,104,105
109,10,543,106
110,5,541,101,103,104
111,13,569,102,106,107,109
112,13,560,103,108
113,1,555,109
114,19,577,104,108,112
115,20,588,107
116,3,575,105,108,112
117,20,595,109,111,113
118,3,588,110
119,13,604,110,112,116,118
120,9,614
121,10,606,115
122,18,629,114,116
123,10,626,113,115
124,9,639,113,115,117
125,8,636,118
126,2,632
127,9,649,117,121,123
128,20,647,118,119
129,19,663,126
130,10,663,119,120,125
131,14,683,124,127,129
132,19,678,130
133,6,687,126
134,11,691,127,133
135,20,699,130
136,10,713,129,134
137,18,726,131,136
138,1,713,125,128,130
139,11,709,138
140,14,736,135
141,15,736,131,133
142,14,745
143,20,751
144,13,764
145,19,768,134,143
146,19,768,138,139
147,2,772,137,143,145
148,11,778,140
149,20,799,141,143,147
150,11,801,144,146
151,13,803,145,147
152,16,819,142,146
153,18,830
154,5,828,146
155,19,835,150,154
156,4,825,147,149
157,9,845,153
158,9,856,148,150,152,155
159,5,850,149,151,157
160,14,851,156,157
161,7,847,150,154,155,158
162,20,868,158
163,16,877,153,156,159,160
164,9,883,155,162
165,11,878,156,159,160,163
166,13,896,155,158
167,4,896,157,159
168,9,897,159,160,163
169,7,905,161,164,166
170,1,903,160,167
171,2,912,165,168
172,2,913,170,171
173,6,906,162,166
174,16,927,170,171,172
175,16,928,162,164
176,18,943,170
177,9,925,166,169,175
178,18,944,173,175,177
179,6,939,176
180,15,954,171,172,174
181,17,963,169,173
182,3,972,172,176,180
183,12,971,176,180
184,4,977,175,178,181
185,9,984,175,184
186,9,986,176,179,180,183
187,11,984,177
188,10,991,179
189,6,999
190,2,989,180,182,188
191,11,1012,183,186
192,13,1004,181,184,185
193,17,1022,183,186
194,19,1037,184,185,189,192
195,1,1030,186,190,191
196,14,1034,188,190,191,193,195
197,1,1029
198,1,1027,189,192,197
199,2,1042,198
200,12,1046,192,194,197,198
