200,3
1,16,16
2,7,15
3,2,2
4,18,18,3
5,20,36
6,14,28
7,7,20,4
8,20,40,5
9,16,40
10,3,27,6
11,13,44,1
12,15,55,9
13,18,74,10
14,20,75,5
15,8,58,3,12
16,8,77,1,6
17,6,72,4,7
18,10,73,2,5,14
19,18,88,6
20,20,89,9,17
21,5,74,2,5,18
22,6,98,8,18,21
23,5,95,21,22
24,18,115,11,13
25,15,101,15,17
26,1,93,23
27,8,93,23
28,3,105,21,23,26,27
29,7,113,23,27
30,15,125,15,25
31,14,127,11,13,24
32,17,121,26,27
33,17,133,16,31
34,5,128,17,30
35,4,127,20,34
36,10,131,27,28
37,13,146,25,30
38,18,149,24,31
39,10,154,27,28,36
40,9,150,30,34,35
41,16,169
42,6,163,37,40
43,1,165,19,24,33
44,12,178,24,31,33,38
45,13,166,34,40
46,12,177,29,32,36,41
47,12,184,31,33
48,19,196,35,37,40,42,45
49,5,183,36,41
50,2,175,38,43,47
51,18,202,41,46
52,20,201,38,44
53,2,203,37,40
54,2,191,53
55,4,197,48,53,54
56,6,205,45,48,54,55
57,8,208,39,51
58,3,208,44,50
59,13,213,54,55,56
60,18,232,52
61,4,206,41,51
62,13,227
63,1,210,54,56,59
64,10,230,56
65,3,226,52,58
66,12,246,51,61,62
67,10,248
68,16,240
69,7,247,57,61,66
70,7,244,52,58,60,65,67
71,15,265,62
72,4,250,58
73,12,261,63,64
74,1,244
75,1,247,72
76,10,257,74
77,10,270,59,63,64,73
78,6,258,61,66,69,71
79,6,258,72,74
80,11,271,71
81,17,284,72,74
82,11,286,77
83,12,288,71
84,2,290,73,77
85,13,302,68,77
86,10,292,76,79,81
87,17,309,69,78
88,15,304,77,85
89,9,308,75
90,9,317,76,86,89
91,4,309
92,4,315,77,85,88
93,17,318,83
94,2,310,86
95,8,323,85,92
96,5,312,81,90
97,13,338,86,96
98,10,335,95
99,8,328,80,87,93
100,10,338,88,98
101,18,347,90,97
102,7,342,83,93
103,11,342
104,1,345,87,91
105,7,351,99,102,104
106,2,353,105
107,4,361,90,94
108,12,370,105
109,13,368,92,98,103
110,8,360,94
111,20,386,96,101,110
112,1,354,102,105
113,18,377,112
114,4,369,95,100,103,109
115,6,380,103
116,10,393,114,115
117,8,394,107,110,111
118,7,387,106
119,12,404,116
120,18,404,108
121,1,397,111
122,12,413,110,111,121
123,12,412,114,119
124,9,420,111,121,122
125,4,402,112,118,120
126,11,419,119
127,20,436
128,3,420,117,122,124
129,10,430,117,121,128
130,1,421,115,126
131,8,426,123,126
132,15,446,121,129
133,11,433,123,130,131
134,10,444,113,118,125
135,2,448
136,13,456,122,124
137,14,450,120,125,127
138,12,443,126,130,131
139,2,454,136
140,2,445,130
141,3,457,129,139
142,7,467,137
143,2,457,135
144,16,478,133,135,138,140
145,2,455,129,141
146,5,462,132,145
147,20,486,125,127
148,14,471,136,139,145
149,6,472
150,18,492,139,145,148
151,12,491,140,143,149
152,16,494,127,147
153,17,510,151
154,13,500,145,148,150
155,8,501,137,142,147
156,5,509,137,142,152
157,19,521,144
158,11,528,146,150
159,15,536,142,155
160,13,536,150
161,6,526,147,152,155,156,159
162,6,543,151,153,157
163,4,527,155
164,15,547,149,151,153
165,6,539,160
166,1,541,163
167,11,539
168,5,540,158,165
169,18,568,154,158,168
170,6,549,161
171,16,561,151,162
172,11,555,161,163,166,170
173,14,584,165
174,18,590,157,171
175,10,568
176,17,596,166,170,172
177,4,582,160
178,16,602
179,12,594,162
180,7,593
181,18,614
182,11,606,169
183,13,602,172,175,180
184,6,624
185,18,640,176,180
186,5,610,171,179
187,14,630,173,177
188,5,628,171
189,9,627,174,188
190,1,628,177,178,184,187
191,6,634,182,184,187
192,5,632,175,176,180
193,18,653
194,9,637,184,187
195,10,637,185
196,2,650,187,190
197,10,657,180,195
198,16,652,196
199,15,660,186,188,189
200,10,661,183,197
