500,5
1,22,25
2,24,26
3,6,19
4,9,12
5,48,50
6,46,46
7,37,50,4
8,40,49
9,26,65
10,28,78,7
11,21,61
12,42,100,9
13,20,72,3,6
14,11,77
15,26,100
16,42,101,3,6,13
17,6,72
18,16,88
19,5,99,1,8
20,46,128,19
21,35,125,10
22,23,102,2,9
23,7,100
24,23,113,15
25,29,132,3,13,16
26,43,162
27,27,150,18
28,5,115,15,23
29,29,149,19
30,5,140,23
31,7,143,24,28
32,26,156,23,28
33,6,155,3,16
34,6,140,13,16
35,13,170,7
36,38,180
37,39,211,26
38,20,164,29
39,37,217,18,21,27,35
40,22,191,24,28
41,12,185,20,29
42,43,235,30,32,40
43,18,224,19
44,7,191,33,34,36
45,28,212,9,26,37
46,28,237,25,44
47,29,242,18,27,39
48,44,245,41,43
49,23,247,26,45
50,29,263,34,36
51,45,269,21,27,35
52,6,244,30
53,30,284
54,21,270,26,49
55,47,294,29
56,27,271,34,50
57,50,309,37,45,49
58,13,277,42
59,39,301,35
60,22,296,58
61,39,310,46,50,56
62,5,299,38,41,43,48,55
63,36,347,53,58
64,12,312,41,43,55,62
65,45,360,35,59
66,48,368,43,62,64
67,29,356,45,57
68,33,342
69,20,348,52,58,63
70,47,392,45,54,67
71,42,393,50,61
72,42,398,39,59,65
73,48,396,53,58
74,21,373,62,66
75,29,402,66
76,40,446,49,57,67,70
77,37,433,50,56,68,71
78,5,420,65,72
79,32,447,59,78
80,9,414,58,63,69,73
81,30,433,62,64
82,36,453,60,69,73,80
83,41,469,67
84,44,471,61,68,71
85,46,496,59,65
86,22,457,64,75
87,24,482,63,73,80
88,42,509,66,81
89,13,474
90,38,508,69,80
91,9,491,61,68
92,50,545,65
93,50,539,77,91
94,37,530
95,12,528,81
96,38,564,73,80,87
97,21,548
98,39,561,89
99,49,576,85
100,10,561,71,77,93
101,31,583,81
102,25,575,77,100
103,48,608,82,96
104,44,616,83,89,94,98
105,23,597,86,88,95,101
106,19,602,100
107,32,602,78,85
108,30,630,91,93,106
109,30,619
110,28,626,90,103
111,49,653,83,94
112,47,659,79,85,107
113,17,653,100,108
114,29,652,97
115,14,657,90,96,103
116,12,660,106,108
117,47,682,115
118,35,684,113
119,43,703,97,101,105
120,35,697,89
121,24,702,85,92,112
122,46,746,108,113,118
123,44,717,112,121
124,17,712,96,115
125,6,695,94,104,111
126,13,700,101,105,114
127,43,730,104,120
128,16,738,103,117
129,40,738
130,50,759,115
131,15,741,99,112,123
132,10,743,118
133,37,772,125
134,31,773,118
135,45,778,121,123
136,27,777
137,5,771,116,122,132,134
138,38,816,115,128
139,44,836,126,136
140,9,788,122,134,137
141,38,825,125,127
142,8,800,132,137
143,26,815,131
144,50,831,137,140
145,7,827,130,138
146,28,853,120,133,141
147,17,822,123,131,143
148,9,839,138
149,28,840,119,136,139
150,43,873,128,130,138,145
151,44,882,131,135
152,44,898,125,133
153,44,879,140
154,33,871,126,129,136
155,24,903,130,138,145,148
156,26,906,147,151
157,19,888
158,42,928,127,141,152
159,31,923,137,144
160,7,896,138,145,148,150
161,42,944,150
162,10,926,149
163,42,931
164,18,926,149,154,157
165,16,934,142,153
166,26,960,149,157
167,6,927,133,141,158
168,14,947,144,153
169,38,990,141,146
170,43,979,148,150,160,161
171,16,957,147,151
172,27,983,144,168
173,12,983,164,166
174,44,1020,171
175,41,1013
176,45,1033,146,152,158,169
177,34,1016,168,172
178,23,996,150,160,170
179,12,1032,156,163
180,48,1070,175
181,14,1018,170
182,19,1029
183,38,1059,163,174,179
184,10,1017,158,176
185,6,1029,160,178
186,27,1063,178,181
187,16,1041,158,176
188,30,1073
189,40,1085,184
190,46,1093,163,179
191,35,1106,185
192,41,1104,166,175
193,25,1078,168,177
194,43,1134,172
195,43,1126,169,176,184,187,189
196,34,1115,178,181,186
197,34,1145,173
198,26,1137,174,183
199,26,1152
200,13,1141,188,193
201,35,1170,183,198
202,5,1131,176,189,195
203,40,1173,173,197
204,49,1187,184,202
205,45,1198,193
206,12,1173,185,196
207,45,1218,183,190
208,15,1192,186,199
209,20,1204,192,197,203
210,30,1200,191,196
211,47,1241,195
212,39,1227,188,205
213,13,1194,192,197
214,44,1234,197
215,35,1241,198,207
216,20,1226,199,208
217,45,1285,193,205,212
218,27,1270,206,210,216
219,28,1256
220,47,1279,190,198,201,215
221,45,1284,203,214
222,37,1278,216,218
223,12,1255,202
224,44,1324,202,211,223
225,45,1304
226,24,1316,215,220
227,50,1352,216,222
228,12,1310,203,214,221
229,5,1300,209,213,214,221
230,41,1350,221
231,14,1321,223
232,31,1332,220
233,35,1360,205
234,7,1326,211,231
235,20,1360,219,223,234
236,19,1354,210,216
237,46,1401,215
238,10,1361,205,212,217
239,22,1370,221,230
240,13,1361,224,231
241,44,1390,212,233
242,7,1370,216
243,5,1370,231
244,48,1418,236
245,44,1404,240
246,37,1422,228,229
247,38,1444,237
248,13,1431,217,238
249,44,1460,229
250,39,1463,227,236,242
251,7,1411,235
252,23,1446,225,241,248
253,36,1454,243,251
254,46,1486,226,232,237
255,28,1466,238
256,29,1491,229,239
257,22,1483,242
258,48,1499,251,253
259,20,1485,238,255
260,30,1510,226,237
261,19,1483,236,242,244,250
262,26,1514,239,246,249,256
263,43,1532
264,39,1549,242
265,5,1521,237,254,260
266,22,1532,243,251,253
267,39,1534,256
268,29,1524
269,16,1538,251,266
270,19,1545
271,50,1595,244,257,261,264
272,48,1600,247,254,265
273,9,1556,253,258,266
274,23,1572,246,249,256,267
275,25,1563,255
276,45,1593,269,273
277,38,1607,249,262,267,274
278,8,1581,255
279,46,1626,259,263
280,15,1590,250,261
281,49,1651,265,272
282,8,1603
283,47,1656,261
284,13,1629,266,273,276
285,48,1656,256,267,274
286,45,1651,269,273
287,31,1667,263,270,278,279
288,9,1650,260,265,272,281
289,19,1659,268,281
290,22,1656,261,271,283
291,9,1675,274,277
292,18,1686,275
293,24,1679,268,288,289
294,32,1711,276,286
295,19,1673,274,277,291
296,25,1704,271,290
297,40,1709,278
298,46,1724,277
299,24,1698,272,281
300,5,1691,290
301,39,1734,276,284
302,7,1710,280,296
303,34,1750
304,46,1761,281,288,289,293
305,45,1751,278,292
306,46,1793,291,295
307,45,1768,282,284,286
308,15,1757,296,300,303
309,35,1790,300,302,303
310,35,1781,304
311,40,1806,297
312,40,1812,291,295,298,306
313,29,1826,307
314,41,1820,300,303
315,31,1825,289,304,310
316,15,1822,305
317,15,1819,286,301,313
318,38,1851,291,312
319,9,1841,292,297,305,316
320,26,1838,304,310
321,49,1890,294,307
322,44,1878,297
323,14,1856,303
324,29,1863,309
325,32,1867,299,310,320
326,9,1863
327,17,1869,312
328,38,1915,311,316
329,34,1913,309,324
330,17,1886,307,313,321
331,8,1900,312,318,327
332,20,1902,310,315
333,32,1933,318,331
334,27,1905,313
335,49,1943
336,10,1930,309
337,13,1923,311
338,23,1930,323,324,336
339,22,1954,317,330,334
340,46,1958
341,41,1962,316,328
342,33,1983,317,334,339
343,35,1972,323,336,338
344,47,2010,320,335
345,37,2014,337
346,33,2016,327,333,340
347,12,1990,321,330,342
348,13,1979,329
349,19,1995,334,339,347
350,5,1994,329,338
351,16,2002,336,338,348,350
352,11,2006,344
353,21,2031,345
354,20,2030,327,333,346
355,15,2031,334,339
356,17,2021,332,344,352
357,16,2038,338,350,351
358,42,2061
359,14,2021,331,340,354
360,13,2028,337
361,17,2058,332,335,352
362,33,2048,348,350,357
363,20,2042,345,360
364,9,2038,340,346,354
365,17,2067,335,356,361
366,11,2049,346,354
367,31,2088,360
368,42,2104,354,359
369,40,2107,348,350
370,25,2086
371,13,2070,342,347,355
372,22,2102,349,355
373,29,2102,345
374,22,2115,356
375,44,2152,354,359,366,368
376,39,2151,349,355,371
377,26,2129
378,22,2123,370
379,21,2144,367,373
380,13,2138,357,362,369,377
381,37,2171,378
382,5,2134,360,373
383,9,2138,358
384,28,2176,357,362,380
385,20,2151,363,367,373
386,5,2137,359,364,368
387,25,2176,372
388,33,2184,386
389,20,2171,367,373
390,34,2189,365
391,7,2163,369
392,38,2198,372,387
393,43,2226,369,377
394,31,2214,366
395,27,2194,379,385,389
396,15,2218,370,390
397,34,2237,379,382,389
398,9,2209,372,383,387
399,46,2268,368,386,388
400,22,2244,378
401,45,2266,377,380,384,391
402,9,2238,383,392,398
403,38,2271,398
404,36,2285,390,396
405,7,2241,397
406,20,2279,389
407,32,2279,375,388,394
408,45,2319,380,384,391,393,401
409,41,2303,387,402
410,19,2283,395,397,406
411,18,2297
412,13,2294,405
413,50,2345,386,394
414,21,2303,390,396,400
415,24,2333,397,405,406,412
416,7,2301,392,402
417,6,2299,393
418,43,2358
419,25,2339,396,414
420,48,2367,393,408
421,18,2334,405,410
422,41,2375,400,404,411
423,45,2390,394,399
424,33,2373,410,415
425,8,2362,416,418
426,44,2391,408
427,43,2397,425
428,23,2398,424
429,40,2404,411
430,25,2401,407
431,41,2429,415,428
432,36,2454,426
433,41,2432,418,427
434,30,2437,423
435,21,2448,419
436,37,2482,407,413,423,430,434
437,25,2454,421,428,431
438,26,2450
439,46,2473,417
440,15,2451,416,427
441,14,2482,418,433
442,14,2483,421,431,437
443,33,2488,435
444,10,2473,413,423,436
445,35,2519,440
446,30,2497,428,431,442
447,14,2506,444
448,19,2491,420
449,15,2522,443
450,23,2519,434,436,444
451,9,2525,420
452,33,2545,428,431,437,442,446
453,5,2526,433,441,445
454,9,2523
455,10,2512,432,448,451
456,47,2575,441,453
457,40,2558,450
458,33,2554,435,438,449,454
459,43,2576,448
460,13,2555
461,41,2601,452,460
462,47,2613,443,454,458
463,28,2596,444,447,450
464,48,2615,440,441,445,453
465,17,2587,448,455
466,41,2629,465
467,11,2597,444,447,463
468,32,2640,446,460
469,46,2659,463,467
470,28,2629,443,449,462
471,11,2619,453
472,15,2644,445,471
473,38,2663,451,465
474,19,2656
475,14,2644,449,458
476,34,2677,453,464
477,46,2702,458,470
478,28,2662,461,474
479,47,2709,463,467
480,36,2691,459,465,466
481,21,2679,471,472,476
482,47,2720,461,478
483,50,2729,462
484,21,2718,472,476
485,25,2721,467,479
486,12,2723,473
487,46,2752,466,486
488,16,2721,472,481,484
489,48,2769,479
490,21,2731,461,474,478
491,35,2755,476,484
492,11,2766,462,477
493,39,2783,468,478,482
494,16,2774,477
495,38,2788,466,486
496,47,2796,484
497,25,2781,469,485,489
498,49,2825,475,483,492
499,21,2796,482
500,9,2808,469,485,489,497
