500,5
1,48,48
2,25,43
3,12,12
4,43,65
5,33,47
6,43,66
7,30,60
8,13,18
9,38,60,4
10,26,39,5
11,43,63,1
12,30,62,2
13,50,120,3
14,32,83,5,8,10
15,10,106,9
16,35,105,2
17,43,125,1
18,14,117,9
19,19,139,5,8,10,14
20,37,145,3
21,17,114,15
22,40,191,7
23,46,159,4,9,15,18
24,10,157,5,8,10,19
25,48,173,8,14,19
26,33,139,17
27,29,179
28,7,174
29,9,146,1,11,17,26
30,37,208,12
31,32,170,18
32,41,242,6,20
33,10,171,26
34,45,194,14,25
35,13,217,11,33
36,47,252,33
37,48,216,15,18,31
38,17,203,28
39,25,244,6,27
40,39,252,22
41,13,222,14,24,25,34
42,8,212,13,20,27,32
43,7,230,34
44,25,250,39
45,7,270,29,33
46,48,275,24
47,33,283,21,31
48,22,260,36
49,37,307,28,30,40
50,26,315,39
51,10,277,35,36
52,40,306,37
53,14,299,35,45,48,51
54,26,302,34
55,17,302
56,15,291,38,40
57,36,352,36,45,48,53
58,50,391,40,49,56
59,30,357,39,50
60,7,326,41
61,42,353,23,31
62,34,350,41,46,54
63,43,392,45,48,51,53
64,25,378
65,46,379,46,54,60
66,40,384,56
67,13,341,47,52
68,36,386
69,20,429,47,52
70,17,392,48,51,57,63
71,35,458,53,63
72,17,438,47,61,67
73,26,393,40,49
74,11,405,50
75,15,457,46
76,42,471,67,69
77,27,433,55,64
78,24,448,60
79,17,431,49,58,73
80,36,495,70
81,40,513,64,68
82,40,506,56,58
83,32,506,60,62,65,75
84,12,442,67,69,72
85,11,458,57,71
86,36,502,67,76
87,9,508,80
88,19,470,62,83
89,19,469,64,68,81
90,29,517,58,82
91,40,523,71,87
92,36,564,88
93,17,507,77
94,9,507,76
95,29,561,86,94
96,38,531,66,73,79,82,90
97,33,585
98,15,531,71,91
99,31,596,75,78,88
100,20,569,85,91
101,10,521,76,86
102,13,540,77,89
103,6,525
104,31,569,79
105,35,596,86,95
106,45,619,85,98,100
107,26,597,81,89,102
108,19,556,83,99
109,40,612,79,90,96
110,47,630,88
111,23,599,97,102
112,48,609,94,101,105
113,24,642,100,106
114,45,638,111
115,30,658,82,90,104,109
116,9,657,100,113
117,6,619,88,110
118,42,675,92,108
119,5,664,100,113,116
120,44,717,103,112
121,39,713,113,116
122,42,682,104,109
123,5,681,107,111
124,32,729,114,123
125,36,693,99
126,39,757,106,116,121
127,26,714,101
128,20,705,104,122
129,49,771,107,111,124
130,31,749
131,46,782,117,118
132,32,776,104,115
133,42,756,113,119
134,33,808,112,130
135,25,755,111,123,124
136,8,722,115
137,34,803,122,128,136
138,15,776,117,118
139,44,816,119,126
140,42,783,114
141,43,805,130,134
142,24,830,118,131,138
143,18,789,128,137
144,20,791,142
145,22,845,132,136,137,143
146,39,813,119,126,139
147,32,862,124
148,31,855
149,23,846,125,131,144
150,34,865,145
151,41,877,138,142,144
152,38,868,124,135,140
153,44,892,126,133
154,22,861,127,130
155,22,862,136,145,150
156,25,924,130,141,148
157,27,889
158,27,933,138,144
159,7,885,143,145,150,155
160,21,928,133,139,146,153
161,10,904,150,155
162,5,894,134,154,156
163,34,926,141,156
164,16,945,145,155,159
165,20,941,140,157
166,22,948
167,9,892,133,153,160
168,38,941,150,155
169,41,997
170,6,931,152
171,44,955,151,158,166
172,21,958,165
173,40,986
174,24,996,157,165,172
175,15,963,155,161,164,168
176,17,963,153,169
177,9,999,161,168,175
178,28,1001,154,156
179,16,1027,149
180,50,1009,153,160
181,42,1032,157
182,47,1033
183,41,1005,151,158,166,179
184,10,1036,162,173,178
185,47,1034
186,49,1075,172,181
187,8,1007,175
188,49,1066,176
189,34,1054,166,171,179,183
190,41,1098,168,175,177
191,21,1055,163,185
192,44,1130,183,189
193,18,1079,174,186
194,31,1114,182
195,33,1107,167,188
196,37,1152,173,178,185
197,13,1109,172,186
198,12,1104
199,23,1147,177
200,17,1161,169,188,195
201,32,1166,171,183,192
202,14,1135,181,198
203,10,1162,191,196
204,29,1169,193
205,27,1126,184,191,203
206,11,1123,195,200
207,15,1175,182
208,6,1161,188,195,206
209,50,1227
210,15,1154,188
211,14,1138,187,190,199,207
212,36,1196,185,203
213,32,1216,193,197
214,24,1174,199
215,47,1233,200,206,210
216,32,1190,207,214
217,50,1217,197
218,40,1214,191,196,203
219,37,1238,189,201
220,24,1211,206,210,215
221,9,1204,211,214
222,31,1289,207,221
223,10,1232,196,203
224,9,1210,209,219
225,8,1251,206,210,220
226,47,1289,198,204,213
227,25,1254,215
228,49,1318,201,209,224
229,43,1280,205
230,27,1255,216,222
231,20,1315
232,11,1298,222
233,23,1305,205,229
234,48,1332,215,225,227
235,45,1352,202,204,217,226
236,6,1293,228
237,44,1334,222,232
238,29,1320,219
239,42,1358,212,218,229,233
240,47,1393,219,236,238
241,38,1333
242,43,1394,231
243,30,1381
244,30,1387,229,233,239
245,42,1438,230,232,237
246,26,1384,213,217,226,241
247,31,1367,224,228,236,240
248,18,1415,225,234,242
249,19,1390,229
250,29,1420,231
251,7,1410,246
252,21,1424,233,239,244
253,25,1408,235
254,13,1413,228,236,247
255,33,1412,237
256,27,1409,238,247,254
257,19,1449,233
258,38,1434
259,5,1412,235,241
260,6,1429,246,259
261,25,1492,246,253,259
262,9,1464,239,257
263,8,1459,247
264,45,1486,243,255
265,26,1483,244,252
266,24,1505,254,256
267,13,1464,248,250,258
268,27,1464,259,260,261
269,42,1513,252,257,265
270,43,1546,242,248,258,267
271,10,1506,263,266
272,7,1495
273,26,1502,243,245
274,21,1490,253
275,37,1520,266,271
276,38,1555,259,261
277,19,1504,245,255
278,26,1522,269
279,8,1529,248,267,270
280,28,1527,258,270,279
281,50,1598,263,271,275
282,13,1540,245,264
283,19,1540,257
284,15,1573
285,12,1567,260,268
286,31,1549,258,267,279
287,49,1608,269,278,283
288,30,1556,264,273,277
289,20,1600,276
290,40,1649,266,272
291,41,1634,276,285,289
292,7,1609,280
293,18,1622,279
294,24,1647,277,282,284
295,30,1612
296,46,1650,265,269,278,287
297,33,1640,277,284
298,29,1662,271,275,290
299,50,1664,285,289,291
300,30,1683,292
301,21,1698,290,298
302,9,1670,282,284,288,297
303,9,1642,283
304,24,1650,297
305,8,1665,283,296,303
306,33,1729,281,301
307,11,1678,292,293
308,32,1728,285,289,299
309,5,1704,283,296,303
310,32,1682
311,43,1703,295
312,18,1664,302,304
313,30,1717,294,302
314,43,1745,301
315,23,1719,289,291,299
316,29,1760,305,309
317,37,1746,293,295
318,16,1771,299,315
319,24,1728,297,312
320,44,1814,309
321,47,1765,308,318
322,49,1770,298,301
323,47,1775,304,312,313,319
324,16,1768,295,300,317
325,46,1794,311,317
326,6,1760,305,309,310,316
327,15,1792,320,326
328,21,1808,315
329,6,1800
330,34,1802,301,322
331,43,1862,304,319
332,20,1803,320,327
333,26,1867,328
334,29,1868,317
335,32,1863,327,332
336,37,1873,322,329
337,23,1848,318
338,20,1897,313
339,23,1869,311,317
340,30,1850,326,327,335
341,48,1909,318
342,41,1927,323
343,44,1944,322,330,336
344,24,1878,317,339
345,25,1914,326,332,335,340
346,21,1888,334,339,344
347,47,1942,323,342
348,37,1975,341
349,34,1936,327
350,17,1950,322,343
351,19,1917,325,334,339,344,346
352,11,1917,330,336,343,350
353,37,1987,334,344,346
354,37,1949,330,343,350,352
355,42,1995,332,335
356,15,1943,328,337
357,12,1936,331,338,347
358,21,1964,333,337,341
359,35,1966,338,342
360,34,1989,339,351
361,41,2030,352
362,48,2024,337,341,348,356,358
363,16,2020,340,349
364,42,2022,342,347
365,8,2039,363
366,27,2000,346,351,353
367,28,2006,345,349
368,46,2096
369,46,2046,341,348,356,362
370,23,2065,346,351,366
371,12,2039,363,365
372,5,2068,347,357,364
373,27,2060,357,364
374,48,2068,367
375,30,2104,360
376,43,2075,350
377,31,2099,359,372
378,50,2134,348,356,358,362,369
379,32,2089,360,366
380,17,2085,363,365,367
381,50,2135,364
382,10,2087,376
383,38,2177,365
384,29,2136,354,361,368,382
385,23,2129,370,379
386,44,2189,356
387,19,2169,379,385
388,17,2187,384
389,30,2171,377,381
390,29,2164,367,371,374,383
391,31,2213,375,379,385,387
392,16,2167,382
393,7,2176,358,362
394,15,2221,362,378
395,39,2228,376,384,388,392
396,43,2191,371,374,380,390
397,14,2187,381,389
398,24,2205,378,386,393
399,30,2230,375,385,387,391
400,17,2227
401,10,2257,400
402,34,2220,378
403,29,2252,382,388
404,10,2268,387,391
405,39,2253,381,397,400
406,49,2278,383
407,32,2296,385,399
408,48,2267,394,398,402
409,7,2258,395
410,35,2276,392,403,409
411,15,2266,389,397,401,405
412,12,2291,391
413,30,2288,383,396
414,46,2306,404,407
415,30,2334,397,405,411
416,47,2330,395,403
417,26,2297,393,398,408
418,50,2323,383,396
419,6,2323,411,415
420,12,2343,401,415,419
421,26,2314,417
422,38,2335,404
423,19,2357,415
424,42,2358,395,409,410,416
425,8,2352,415,419,423
426,48,2380,398,402,421
427,10,2362,420
428,41,2404,406,413
429,21,2388,414,422
430,7,2386,419,425,427
431,10,2378,423,430
432,40,2436,430,431
433,41,2448,416,424
434,49,2466,412,414,429
435,35,2408,406,413,418,428
436,43,2471,402,408,417
437,32,2438
438,28,2476,409
439,11,2461,418
440,9,2408,412,422
441,39,2487,426
442,34,2461,422,429,434
443,45,2477,418
444,35,2515,410,424
445,9,2429,427,430,432
446,26,2464,432,437
447,18,2505,429
448,20,2513,417
449,16,2530,416,433
450,37,2496,428,439
451,10,2479,431
452,9,2520,429,434,440,442
453,34,2517,437,445,446,451
454,44,2514,436,441,448
455,7,2472,424,444
456,38,2519
457,32,2554,438,444
458,36,2567,435,443,450
459,27,2558,451
460,39,2608,455
461,27,2540,456
462,19,2586
463,49,2622,459
464,36,2612
465,23,2576,441
466,34,2609,447,461
467,36,2610,444,457,460
468,44,2629,441
469,7,2600
470,30,2642,447,452
471,33,2622,450,464,469
472,13,2604,459,463
473,17,2613,460
474,8,2652,453,463
475,24,2627,453,459,474
476,7,2665,448,465,468
477,25,2683,456,461,466,470
478,41,2682,460,467
479,25,2679,458
480,14,2676,454,465
481,9,2643,462,465
482,16,2688,463
483,8,2638,461,466
484,29,2696,476,481
485,44,2692,469
486,21,2672,461,477
487,31,2685
488,12,2653,460,467,473
489,31,2718,467,473,478
490,30,2716,466,477,486
491,9,2713,476,484
492,46,2743,476,480,481
493,17,2748,474,475,487
494,41,2727,485
495,13,2697,477,486,490
496,26,2739,467,478,488
497,19,2709,474,487
498,14,2735,490,495
499,31,2769,482,493
500,38,2764,488,496
